

7,02E-19	-1,19E-16	5,90E-15	-8,68E-14	5,99E+02	moy ls_sais	Plu_an	7,02E-19	-1,19E-16	5,90E-15	-8,68E-14	5,99E+02
2,53E-08	-6,54E-06	6,24E-04	-2,83E-02	8,71E-01		Cr_an	2,72E-08	-7,00E-06	6,63E-04	-3,01E-02	8,69E-01
2,70E-08	-7,19E-06	7,24E-04	-3,52E-02	8,63E-01		Cr_été	2,86E-08	-7,60E-06	7,58E-04	-3,63E-02	8,61E-01
2,45E-08	-6,18E-06	5,56E-04	-2,30E-02	8,69E-01		CR_hiv	2,63E-08	-6,57E-06	5,93E-04	-2,53E-02	8,67E-01
-1,34E-05	3,50E-03	-3,37E-01	1,55E+01	7,10E+01		Ab_an	-1,43E-05	3,70E-03	-3,55E-01	1,64E+01	7,24E+01
-7,37E-06	1,96E-03	-1,96E-01	9,53E+00	3,57E+01		Ab_été	-7,70E-06	2,04E-03	-2,04E-01	9,80E+00	3,64E+01
-6,06E-06	1,54E-03	-1,41E-01	5,98E+00	3,53E+01		Ab_hiv	-6,61E-06	1,66E-03	-1,51E-01	6,59E+00	3,60E+01
5,16E-19	-9,64E-17	5,66E-15	-1,16E-13	5,22E+02	med ls_sais	Plu_an	5,16E-19	-9,64E-17	5,66E-15	-1,16E-13	5,22E+02
3,22E-08	-7,50E-06	6,43E-04	-2,80E-02	8,69E-01		Cr_an	3,60E-08	-8,43E-06	7,16E-04	-3,04E-02	8,72E-01
3,73E-08	-9,01E-06	8,15E-04	-3,73E-02	8,78E-01		Cr_été	3,24E-08	-8,10E-06	7,69E-04	-3,68E-02	8,70E-01
3,21E-08	-6,88E-06	5,21E-04	-2,06E-02	8,79E-01		CR_hiv	3,21E-08	-7,21E-06	5,76E-04	-2,36E-02	8,81E-01
-1,36E-05	3,44E-03	-3,20E-01	1,45E+01	7,38E+01		Ab_an	-1,80E-05	4,43E-03	-3,91E-01	1,65E+01	6,96E+01
-5,97E-06	1,66E-03	-1,69E-01	8,35E+00	3,86E+01		Ab_été	-6,61E-06	1,81E-03	-1,80E-01	8,66E+00	3,96E+01
-9,16E-06	2,22E-03	-1,87E-01	6,94E+00	3,15E+01		Ab_hiv	-1,04E-05	2,52E-03	-2,10E-01	7,78E+00	3,03E+01
1,96E-19	-2,84E-17	8,75E-16	0,00E+00	3,02E+02	min ls_sais	Plu_an	1,96E-19	-2,84E-17	8,75E-16	0,00E+00	3,02E+02
5,37E-08	-1,39E-05	1,30E-03	-5,27E-02	8,00E-01		Cr_an	6,48E-08	-1,66E-05	1,53E-03	-5,92E-02	8,17E-01
4,82E-08	-1,30E-05	1,27E-03	-5,32E-02	8,04E-01		Cr_été	5,81E-08	-1,52E-05	1,43E-03	-5,71E-02	8,08E-01
6,64E-08	-1,63E-05	1,42E-03	-5,35E-02	7,67E-01		CR_hiv	7,80E-08	-1,94E-05	1,72E-03	-6,29E-02	7,97E-01
-1,11E-05	2,50E-03	-1,99E-01	8,47E+00	3,56E+01		Ab_an	-1,18E-05	2,70E-03	-2,18E-01	9,25E+00	3,40E+01
-7,72E-06	1,76E-03	-1,49E-01	6,47E+00	1,78E+01		Ab_été	-5,19E-06	1,24E-03	-1,18E-01	5,97E+00	2,05E+01
-6,08E-06	1,30E-03	-8,63E-02	2,59E+00	1,58E+01		Ab_hiv	-6,48E-06	1,42E-03	-9,99E-02	3,24E+00	1,38E+01
1,29E-18	-2,22E-16	1,17E-14	-2,31E-13	1,14E+03	max ls_sais	Plu_an	1,29E-18	-2,22E-16	1,17E-14	-2,31E-13	1,14E+03
1,48E-08	-3,90E-06	3,73E-04	-1,66E-02	9,40E-01		Cr_an	1,39E-08	-3,70E-06	3,65E-04	-1,71E-02	9,37E-01
2,05E-08	-5,00E-06	4,52E-04	-2,12E-02	9,15E-01		Cr_été	2,11E-08	-5,34E-06	4,98E-04	-2,32E-02	9,19E-01
1,71E-08	-4,18E-06	3,58E-04	-1,25E-02	9,54E-01		CR_hiv	1,57E-08	-4,01E-06	3,65E-04	-1,40E-02	9,57E-01
-1,07E-05	3,27E-03	-3,77E-01	2,06E+01	9,88E+01		Ab_an	-8,60E-06	2,70E-03	-3,34E-01	2,02E+01	1,10E+02
-9,44E-06	2,57E-03	-2,66E-01	1,38E+01	6,67E+01		Ab_été	-1,10E-05	2,88E-03	-2,85E-01	1,43E+01	6,95E+01
-6,30E-06	1,67E-03	-1,61E-01	7,62E+00	4,90E+01		Ab_hiv	-7,69E-06	2,04E-03	-1,95E-01	8,92E+00	5,03E+01
9,01E-21	-1,68E-18	8,91E-17	-1,36E-15	1,50E+01	moy ls_ev	Plu_ev	9,01E-21	-1,68E-18	8,91E-17	-1,36E-15	1,50E+01
3,87E-08	-9,40E-06	8,11E-04	-3,01E-02	5,89E-01		Cr_ev	4,11E-08	-9,95E-06	8,55E-04	-3,17E-02	5,80E-01
-1,59E-07	4,82E-05	-4,66E-03	6,92E-01	4,20E-01		Ab_ev	-3,38E-08	1,85E-05	-2,52E-03	6,97E-01	4,90E-01
5,22E-21	-9,16E-19	4,47E-17	-5,65E-16	6,40E+00	med ls_ev	Plu_ev	5,22E-21	-9,16E-19	4,47E-17	-5,65E-16	6,40E+00
1,14E-07	-2,68E-05	2,18E-03	-7,07E-02	7,35E-01		Cr_ev	1,11E-07	-2,60E-05	2,10E-03	-6,71E-02	6,84E-01
-8,84E-07	2,01E-04	-1,54E-02	9,68E-01	7,26E-01		Ab_ev	-3,33E-07	9,90E-05	-1,03E-02	1,04E+00	1,46E-01
1,38E-21	-2,25E-19	1,01E-17	-1,13E-16	1,10E+00	min ls_ev	Plu_ev	1,38E-21	-2,25E-19	1,01E-17	-1,13E-16	1,10E+00
-1,55E-23	3,07E-21	-1,90E-19	3,77E-18	-1,07E-16		Cr_ev	-1,42E-23	3,11E-21	-2,24E-19	5,91E-18	-1,42E-16
-2,86E-24	6,47E-22	-4,98E-20	1,48E-18	-1,32E-17		Ab_ev	-2,86E-24	6,47E-22	-4,98E-20	1,48E-18	-1,32E-17
1,25E-19	-1,57E-17	2,10E-16	1,08E-14	2,40E+02	max ls_ev	Plu_ev	1,25E-19	-1,57E-17	2,10E-16	1,08E-14	2,40E+02
1,21E-11	-2,78E-09	2,20E-07	-6,79E-06	1,00E+00		Cr_ev	1,40E-11	-3,23E-09	2,54E-07	-7,85E-06	1,00E+00
-2,98E-20	4,55E-18	-2,13E-16	1,00E+00	-7,27E-05		Ab_ev	-2,98E-20	4,55E-18	-2,13E-16	1,00E+00	-7,27E-05
2,55E-21	-3,88E-19	1,57E-17	-1,69E-16	2,80E+00	0,25 ls_ev	Plu_ev	2,55E-21	-3,88E-19	1,57E-17	-1,69E-16	2,80E+00
3,64E-08	-8,31E-06	6,47E-04	-1,96E-02	1,82E-01		Cr_ev	3,35E-08	-7,65E-06	5,96E-04	-1,81E-02	1,68E-01
5,55E-08	1,20E-05	-2,53E-03	2,30E-01	1,36E+00		Ab_ev	-1,71E-07	4,20E-05	-3,31E-03	2,96E-01	1,50E+00
1,60E-20	-2,44E-18	1,01E-16	-1,36E-15	1,70E+01	0,75 ls ev	Plu_ev	1,60E-20	-2,44E-18	1,01E-16	-1,36E-15	1,70E+01
4,46E-09	-5,85E-07	1,27E-04	-2,00E-02	8,87E-01		Cr_ev	-1,94E-08	2,47E-06	1,37E-04	-2,83E-02	9,18E-01
1,68E-08	-1,80E-06	-7,07E-05	9,99E-01	-4,58E-02		Ab_ev	-9,30E-09	1,90E-06	-1,29E-04	1,00E+00	-4,64E-02
1,57E-20	-2,57E-18	1,14E-16	-1,13E-15	1,48E+01	moy ls_ev_ete	Plu_ev_été	1,57E-20	-2,57E-18	1,14E-16	-1,13E-15	1,48E+01
4,28E-08	-1,05E-05	9,21E-04	-3,52E-02	5,57E-01		Cr_ev_été	4,44E-08	-1,08E-05	9,48E-04	-3,59E-02	5,51E-01
-7,00E-08	1,23E-05	-2,68E-04	8,00E-01	3,31E-01		Ab_ev_été	-4,41E-08	1,33E-06	9,14E-04	8,00E-01	4,22E-01
8,15E-21	-1,53E-18	9,13E-17	-1,92E-15	7,00E+00	med ls_ev_ete	Plu_ev_été	8,15E-21	-1,53E-18	9,13E-17	-1,92E-15	7,00E+00
1,05E-07	-2,45E-05	1,95E-03	-6,12E-02	6,03E-01		Cr_ev_été	1,03E-07	-2,38E-05	1,89E-03	-5,92E-02	5,82E-01
-8,88E-08	1,77E-05	-1,18E-03	1,01E+00	-1,68E-01		Ab_ev_été	-2,51E-08	4,75E-06	-2,82E-04	1,00E+00	-1,12E-01
1,38E-21	-2,25E-19	1,01E-17	-1,13E-16	1,10E+00	min ls_ev_ete	Plu_ev_été	1,38E-21	-2,25E-19	1,01E-17	-1,13E-16	1,10E+00
-3,31E-24	6,59E-22	-4,85E-20	1,79E-18	-7,31E-17		Cr_ev_été	-2,54E-24	5,81E-22	-4,76E-20	1,95E-18	-8,20E-17
1,51E-07	-3,57E-05	2,51E-03	-2,61E-02	9,69E-02		Ab_ev_été	1,64E-07	-4,22E-05	3,19E-03	-3,71E-02	1,91E-01
2,55E-19	-4,82E-17	2,79E-15	-5,42E-14	1,87E+02	max ls_ev_ete	Plu_ev_été	2,55E-19	-4,82E-17	2,79E-15	-5,42E-14	1,87E+02
-7,69E-09	1,54E-06	-8,71E-05	3,77E-04	9,94E-01		Cr_ev_été	-9,35E-09	1,87E-06	-1,05E-04	4,34E-04	9,92E-01
-2,98E-20	4,55E-18	-2,13E-16	1,00E+00	-7,27E-05		Ab_ev_été	-2,98E-20	4,55E-18	-2,13E-16	1,00E+00	-7,27E-05
2,55E-21	-3,88E-19	1,57E-17	-1,69E-16	2,80E+00	0,25 ls_ev_ete	Plu_ev_été	2,55E-21	-3,88E-19	1,57E-17	-1,69E-16	2,80E+00
2,85E-08	-6,50E-06	5,06E-04	-1,53E-02	1,41E-01		Cr_ev_été	2,83E-08	-6,45E-06	5,01E-04	-1,52E-02	1,40E-01
-6,14E-07	1,67E-04	-1,31E-02	9,99E-01	-3,95E-01		Ab_ev_été	1,29E-08	2,58E-05	-3,80E-03	9,11E-01	1,75E-01
2,21E-20	-3,60E-18	1,61E-16	-1,81E-15	1,76E+01	0,75 ls ev_ete	Plu_ev_été	2,21E-20	-3,60E-18	1,61E-16	-1,81E-15	1,76E+01
6,06E-08	-1,68E-05	1,68E-03	-7,08E-02	1,05E+00		Cr_ev_été	7,17E-08	-1,92E-05	1,84E-03	-7,42E-02	1,05E+00
8,82E-11	7,10E-08	-4,73E-06	9,99E-01	-4,28E-02		Ab_ev_été	2,21E-09	-4,38E-07	3,31E-05	9,98E-01	-3,62E-02
9,59E-21	-1,56E-18	7,70E-17	-1,36E-15	1,52E+01	moy ls_ev_hiv	Plu_ev_hiv	9,59E-21	-1,56E-18	7,70E-17	-1,36E-15	1,52E+01
3,49E-08	-8,41E-06	7,09E-04	-2,54E-02	6,18E-01		Cr_ev_hiv	3,80E-08	-9,11E-06	7,69E-04	-2,78E-02	6,07E-01
-2,41E-07	8,14E-05	-8,72E-03	5,91E-01	5,03E-01		Ab_ev_hiv	-2,42E-08	3,43E-05	-5,69E-03	6,01E-01	5,52E-01
3,57E-21	-3,96E-19	3,37E-18	2,26E-16	6,05E+00	med ls_ev_hiv	Plu_ev_hiv	3,57E-21	-3,96E-19	3,37E-18	2,26E-16	6,05E+00
8,08E-08	-2,04E-05	1,82E-03	-6,76E-02	8,65E-01		Cr_ev_hiv	1,07E-07	-2,57E-05	2,16E-03	-7,32E-02	8,17E-01
-6,51E-07	1,61E-04	-1,33E-02	5,43E-01	1,45E+00		Ab_ev_hiv	-4,67E-07	1,30E-04	-1,25E-02	6,68E-01	1,18E+00
1,38E-21	-2,25E-19	1,01E-17	-1,13E-16	1,10E+00	min ls_ev_hiv	Plu_ev_hiv	1,38E-21	-2,25E-19	1,01E-17	-1,13E-16	1,10E+00
-1,51E-23	2,93E-21	-1,71E-19	2,81E-18	-8,52E-17		Cr_ev_hiv	-1,66E-23	3,59E-21	-2,52E-19	6,23E-18	-1,26E-16
0,00E+00	0,00E+00	0,00E+00	0,00E+00	0,00E+00		Ab_ev_hiv	0,00E+00	0,00E+00	0,00E+00	0,00E+00	0,00E+00
1,25E-19	-1,57E-17	2,10E-16	1,08E-14	2,40E+02	max ls_ev_hiv	Plu_ev_hiv	1,25E-19	-1,57E-17	2,10E-16	1,08E-14	2,40E+02
1,21E-11	-2,78E-09	2,20E-07	-6,79E-06	1,00E+00		Cr_ev_hiv	1,40E-11	-3,23E-09	2,54E-07	-7,85E-06	1,00E+00
-9,84E-10	2,29E-07	-1,55E-05	1,00E+00	-4,61E-03		Ab_ev_hiv	6,63E-10	-9,01E-08	3,04E-06	1,00E+00	-3,48E-03
3,23E-21	-5,43E-19	2,74E-17	-4,52E-16	2,60E+00	0,25 ls_ev_hiv	Plu_ev_hiv	3,23E-21	-5,43E-19	2,74E-17	-4,52E-16	2,60E+00
5,13E-08	-1,17E-05	9,19E-04	-2,80E-02	2,63E-01		Cr_ev_hiv	4,53E-08	-1,04E-05	8,10E-04	-2,46E-02	2,30E-01
5,11E-08	3,66E-06	-1,34E-03	8,35E-02	1,08E+00		Ab_ev_hiv	-3,69E-07	8,86E-05	-6,65E-03	2,09E-01	8,60E-01
2,06E-20	-2,93E-18	8,60E-17	6,78E-16	1,66E+01	0,75 ls ev_hiv	Plu_ev_hiv	2,06E-20	-2,93E-18	8,60E-17	6,78E-16	1,66E+01
1,82E-08	-4,76E-06	4,36E-04	-1,89E-02	9,43E-01		Cr_ev_hiv	1,22E-08	-3,77E-06	4,16E-04	-2,32E-02	9,49E-01
-1,22E-06	3,11E-04	-2,75E-02	1,29E+00	-4,74E-01		Ab_ev_hiv	-2,20E-07	9,84E-05	-1,46E-02	1,22E+00	-6,69E-01
-1,81E-21	9,54E-19	-9,99E-17	2,26E-15	2,41E+01	moy ls_evs	Plu_evs	-1,81E-21	9,54E-19	-9,99E-17	2,26E-15	2,41E+01
4,88E-08	-1,21E-05	1,07E-03	-4,14E-02	8,53E-01		Cr_evs	5,25E-08	-1,29E-05	1,14E-03	-4,38E-02	8,50E-01
-9,97E-08	3,46E-05	-3,69E-03	6,80E-01	4,25E-01		Ab_evs	2,99E-08	1,88E-06	-1,18E-03	6,74E-01	5,55E-01
6,12E-21	-8,29E-19	1,86E-17	2,26E-16	1,50E+01	med ls_evs	Plu_evs	6,12E-21	-8,29E-19	1,86E-17	2,26E-16	1,50E+01
3,94E-08	-1,21E-05	1,34E-03	-6,28E-02	1,03E+00		Cr_evs	5,98E-08	-1,66E-05	1,66E-03	-7,00E-02	1,04E+00
-5,05E-07	1,22E-04	-1,05E-02	8,97E-01	8,40E-01		Ab_evs	-8,02E-08	4,12E-05	-6,33E-03	9,71E-01	3,22E-01
6,23E-22	8,77E-21	-1,15E-17	4,52E-16	5,00E+00	min ls_evs	Plu_evs	6,23E-22	8,77E-21	-1,15E-17	4,52E-16	5,00E+00
5,40E-08	-1,24E-05	9,68E-04	-2,96E-02	2,78E-01		Cr_evs	5,36E-08	-1,23E-05	9,61E-04	-2,93E-02	2,76E-01
-2,86E-24	6,47E-22	-4,98E-20	1,48E-18	-1,32E-17		Ab_evs	-2,86E-24	6,47E-22	-4,98E-20	1,48E-18	-1,32E-17
1,25E-19	-1,57E-17	2,10E-16	1,08E-14	2,40E+02	max ls_evs	Plu_evs	1,25E-19	-1,57E-17	2,10E-16	1,08E-14	2,40E+02
1,21E-11	-2,78E-09	2,20E-07	-6,79E-06	1,00E+00		Cr_evs	1,40E-11	-3,23E-09	2,54E-07	-7,85E-06	1,00E+00
-2,98E-20	4,55E-18	-2,13E-16	1,00E+00	-7,27E-05		Ab_evs	-2,98E-20	4,55E-18	-2,13E-16	1,00E+00	-7,27E-05
4,89E-21	-8,87E-19	4,44E-17	-7,91E-16	8,40E+00	0,25 ls_evs	Plu_evs_été	4,89E-21	-8,87E-19	4,44E-17	-7,91E-16	8,40E+00
1,21E-07	-2,83E-05	2,29E-03	-7,37E-02	7,57E-01		Cr_evs_été	1,19E-07	-2,80E-05	2,26E-03	-7,22E-02	7,36E-01
-2,94E-07	5,04E-05	-2,74E-03	2,15E-01	1,58E+00		Ab_evs_été	5,78E-08	-1,08E-05	9,14E-04	2,11E-01	1,96E+00
2,21E-20	-3,93E-18	2,24E-16	-4,97E-15	2,77E+01	0,75 ls evs	Plu_evs_été	2,21E-20	-3,93E-18	2,24E-16	-4,97E-15	2,77E+01
1,48E-09	-1,06E-06	1,50E-04	-1,32E-02	9,48E-01		Cr_evs_été	1,45E-08	-3,09E-06	2,47E-04	-1,81E-02	9,65E-01
-8,18E-08	1,71E-05	-1,22E-03	1,02E+00	-1,20E-01		Ab_evs_été	-8,88E-09	2,49E-06	-2,27E-04	1,00E+00	-4,94E-02
2,58E-20	-4,52E-18	2,26E-16	-3,16E-15	2,28E+01	moy ls_evs_ete	Plu_evs_été	2,58E-20	-4,52E-18	2,26E-16	-3,16E-15	2,28E+01
5,55E-08	-1,39E-05	1,25E-03	-4,98E-02	8,35E-01		Cr_evs_été	5,83E-08	-1,45E-05	1,30E-03	-5,10E-02	8,30E-01
3,58E-08	-7,96E-06	8,76E-04	7,75E-01	3,05E-01		Ab_evs_été	4,26E-08	-1,60E-05	1,94E-03	7,77E-01	3,89E-01
5,50E-21	-8,92E-19	3,58E-17	-4,52E-16	1,46E+01	med ls_ev_ete	Plu_evs_été	5,50E-21	-8,92E-19	3,58E-17	-4,52E-16	1,46E+01
1,21E-07	-2,95E-05	2,52E-03	-8,77E-02	1,02E+00		Cr_evs_été	1,24E-07	-3,01E-05	2,55E-03	-8,79E-02	1,00E+00
-2,35E-08	8,63E-06	-8,90E-04	1,00E+00	-1,81E-01		Ab_evs_été	-7,29E-10	1,22E-06	-1,15E-04	9,92E-01	-1,01E-01
6,23E-22	8,77E-21	-1,15E-17	4,52E-16	5,00E+00	min ls_evs_ete	Plu_evs_été	6,23E-22	8,77E-21	-1,15E-17	4,52E-16	5,00E+00
5,40E-08	-1,24E-05	9,68E-04	-2,96E-02	2,78E-01		Cr_evs_été	5,36E-08	-1,23E-05	9,61E-04	-2,93E-02	2,76E-01
1,57E-07	-3,70E-05	2,59E-03	-2,76E-02	1,03E-01		Ab_evs_été	1,27E-07	-3,24E-05	2,50E-03	-2,17E-02	1,15E-01
2,55E-19	-4,82E-17	2,79E-15	-5,42E-14	1,87E+02	max ls_evs_ete	Plu_evs_été	2,55E-19	-4,82E-17	2,79E-15	-5,42E-14	1,87E+02
-7,69E-09	1,54E-06	-8,71E-05	3,77E-04	9,94E-01		Cr_evs_été	-9,35E-09	1,87E-06	-1,05E-04	4,34E-04	9,92E-01
-2,98E-20	4,55E-18	-2,13E-16	1,00E+00	-7,27E-05		Ab_evs_été	-2,98E-20	4,55E-18	-2,13E-16	1,00E+00	-7,27E-05
8,98E-21	-1,51E-18	7,41E-17	-1,24E-15	8,20E+00	0,25 ls_evs_ete	Plu_evs_hiv	8,98E-21	-1,51E-18	7,41E-17	-1,24E-15	8,20E+00
1,14E-07	-2,65E-05	2,13E-03	-6,73E-02	6,73E-01		Cr_evs_hiv	1,12E-07	-2,60E-05	2,08E-03	-6,58E-02	6,57E-01
9,13E-09	3,15E-05	-3,32E-03	7,29E-01	7,47E-01		Ab_evs_hiv	1,11E-07	-6,55E-06	-2,41E-04	7,54E-01	8,55E-01
1,01E-20	-9,98E-19	-1,08E-17	9,04E-16	2,70E+01	0,75 ls ev_ete	Plu_evs_hiv	1,01E-20	-9,98E-19	-1,08E-17	9,04E-16	2,70E+01
-4,86E-08	7,61E-06	-9,86E-05	-2,79E-02	9,81E-01		Cr_evs_hiv	-2,46E-08	2,02E-06	3,31E-04	-3,93E-02	1,02E+00
-1,06E-09	3,51E-07	-3,19E-05	1,00E+00	-4,80E-02		Ab_evs_hiv	6,23E-09	-1,18E-06	7,28E-05	9,98E-01	-3,53E-02
3,56E-20	-6,04E-18	2,97E-16	-4,52E-15	2,55E+01	moy ls_evs_hiv	Plu_evs_hiv	3,56E-20	-6,04E-18	2,97E-16	-4,52E-15	2,55E+01
4,21E-08	-1,03E-05	8,83E-04	-3,29E-02	8,71E-01		Cr_evs_hiv	4,65E-08	-1,13E-05	9,71E-04	-3,65E-02	8,71E-01
-2,36E-07	7,75E-05	-8,29E-03	5,84E-01	5,45E-01		Ab_evs_hiv	1,70E-08	1,99E-05	-4,32E-03	5,70E-01	7,22E-01
4,81E-22	3,52E-19	-6,35E-17	2,26E-15	1,56E+01	med ls_evs_hiv	Plu_evs_hiv	4,81E-22	3,52E-19	-6,35E-17	2,26E-15	1,56E+01
1,26E-08	-3,92E-06	4,10E-04	-2,33E-02	9,07E-01		Cr_evs_hiv	3,16E-09	-8,14E-07	2,04E-04	-2,41E-02	8,86E-01
-2,58E-07	8,05E-05	-8,13E-03	4,51E-01	1,84E+00		Ab_evs_hiv	-8,75E-07	2,16E-04	-1,75E-02	7,72E-01	6,57E-01
6,23E-22	8,77E-21	-1,15E-17	4,52E-16	5,00E+00	min ls_evs_hiv	Plu_evs_hiv	6,23E-22	8,77E-21	-1,15E-17	4,52E-16	5,00E+00
7,03E-08	-1,61E-05	1,26E-03	-3,86E-02	3,65E-01		Cr_evs_hiv	6,88E-08	-1,58E-05	1,24E-03	-3,78E-02	3,57E-01
0,00E+00	0,00E+00	0,00E+00	0,00E+00	0,00E+00		Ab_evs_hiv	0,00E+00	0,00E+00	0,00E+00	0,00E+00	0,00E+00
1,25E-19	-1,57E-17	2,10E-16	1,08E-14	2,40E+02	max ls_evs_hiv	Plu_evs_hiv	1,25E-19	-1,57E-17	2,10E-16	1,08E-14	2,40E+02
1,21E-11	-2,78E-09	2,20E-07	-6,79E-06	1,00E+00		Cr_evs_hiv	1,40E-11	-3,23E-09	2,54E-07	-7,85E-06	1,00E+00
-9,84E-10	2,29E-07	-1,55E-05	1,00E+00	-4,61E-03		Ab_evs_hiv	6,63E-10	-9,01E-08	3,04E-06	1,00E+00	-3,48E-03
4,19E-21	-6,42E-19	2,67E-17	-4,52E-16	8,70E+00	0,25 ls_evs_hiv	Plu_evs_hiv	4,19E-21	-6,42E-19	2,67E-17	-4,52E-16	8,70E+00
1,19E-07	-2,85E-05	2,38E-03	-8,04E-02	8,91E-01		Cr_evs_hiv	1,22E-07	-2,91E-05	2,40E-03	-7,95E-02	8,55E-01
-5,33E-08	1,53E-05	-1,58E-03	8,94E-02	1,20E+00		Ab_evs_hiv	-3,79E-07	8,36E-05	-6,20E-03	2,18E-01	9,71E-01
2,19E-20	-2,96E-18	8,44E-17	-4,52E-16	3,06E+01	0,75 ls ev_hiv	Plu_evs_hiv	2,19E-20	-2,96E-18	8,44E-17	-4,52E-16	3,06E+01
1,33E-09	-4,72E-07	5,84E-05	-4,32E-03	9,45E-01		Cr_evs_hiv	1,14E-08	-2,66E-06	2,02E-04	-8,39E-03	9,55E-01
-9,80E-07	2,62E-04	-2,43E-02	1,23E+00	-4,00E-01		Ab_evs_hiv	2,92E-07	-7,90E-06	-7,53E-03	1,08E+00	-1,18E-01